 Step           1 u(0,0,0)   51.1955466520117     
 Step           2 u(0,0,0)   51.2393645288626     
 Step           3 u(0,0,0)   51.2407140007636     
 Step           4 u(0,0,0)   51.2288415842306     
 Step           5 u(0,0,0)   51.2120836280097     
 Step           6 u(0,0,0)   51.1937489371137     
 Step           7 u(0,0,0)   51.1754328353606     
 Step           8 u(0,0,0)   51.1578300720581     
 Step           9 u(0,0,0)   51.1412944051701     
 Step          10 u(0,0,0)   51.1259235288778     
 Step          11 u(0,0,0)   51.1117392710146     
 Step          12 u(0,0,0)   51.0987032529501     
 Step          13 u(0,0,0)   51.0867349656371     
 Step          14 u(0,0,0)   51.0757875538008     
 Step          15 u(0,0,0)   51.0657408862829     
 Step          16 u(0,0,0)   51.0565754990950     
 Step          17 u(0,0,0)   51.0481511905111     
 Step          18 u(0,0,0)   51.0404829732757     
 Step          19 u(0,0,0)   51.0334166605405     
 Step          20 u(0,0,0)   51.0270011238892     
 Step          21 u(0,0,0)   51.0210699206661     
 Step          22 u(0,0,0)   51.0157030790815     
 Step          23 u(0,0,0)   51.0107221935790     
 Step          24 u(0,0,0)   51.0062359723335     
 Step          25 u(0,0,0)   51.0020540446067     
 Step          26 u(0,0,0)   50.9983107288815     
 Step          27 u(0,0,0)   50.9948021545132     
 Step          28 u(0,0,0)   50.9916848580391     
 Step          29 u(0,0,0)   50.9887434188590     
 Step          30 u(0,0,0)   50.9861542851358     
 Step          31 u(0,0,0)   50.9836894697834     
 Step          32 u(0,0,0)   50.9815444900528     
 Step          33 u(0,0,0)   50.9794803727382     
 Step          34 u(0,0,0)   50.9777081952568     
 Step          35 u(0,0,0)   50.9759786294998     
 Step          36 u(0,0,0)   50.9745179534310     
 Step          37 u(0,0,0)   50.9730685580392     
 Step          38 u(0,0,0)   50.9718681841150     
 Step          39 u(0,0,0)   50.9706526519054     
 Step          40 u(0,0,0)   50.9696703596235     
 Step          41 u(0,0,0)   50.9686530276595     
 Step          42 u(0,0,0)   50.9678583279470     
 Step          43 u(0,0,0)   50.9670130588467     
 Step          44 u(0,0,0)   50.9663821700129     
 Step          45 u(0,0,0)   50.9656916054065     
 Step          46 u(0,0,0)   50.9652120533568     
 Step          47 u(0,0,0)   50.9646663637123     
 Step          48 u(0,0,0)   50.9643306143579     
 Step          49 u(0,0,0)   50.9639261049014     
 Step          50 u(0,0,0)   50.9637327287871     
 Step          51 u(0,0,0)   50.9634685671663     
 Step          52 u(0,0,0)   50.9634162906566     
 Step          53 u(0,0,0)   50.9632894361884     
 Step          54 u(0,0,0)   50.9633737292363     
 Step          55 u(0,0,0)   50.9633758755522     
 Step          56 u(0,0,0)   50.9635859505095     
 Step          57 u(0,0,0)   50.9637029840444     
 Step          58 u(0,0,0)   50.9640202475184     
 Step          59 u(0,0,0)   50.9642291054585     
 Step          60 u(0,0,0)   50.9646278466207     
 Step          61 u(0,0,0)   50.9648992222595     
 Step          62 u(0,0,0)   50.9653457117912     
 Step          63 u(0,0,0)   50.9656442864857     
 Step          64 u(0,0,0)   50.9661030817265     
 Step          65 u(0,0,0)   50.9663939344896     
 Step          66 u(0,0,0)   50.9668291627965     
 Step          67 u(0,0,0)   50.9670810219483     
 Step          68 u(0,0,0)   50.9674646716949     
 Step          69 u(0,0,0)   50.9676545097140     
 Step          70 u(0,0,0)   50.9679679616942     
 Step          71 u(0,0,0)   50.9680852396726     
 Step          72 u(0,0,0)   50.9683223981086     
 Step          73 u(0,0,0)   50.9683665207772     
 Step          74 u(0,0,0)   50.9685314804725     
 Step          75 u(0,0,0)   50.9685120850592     
 Step          76 u(0,0,0)   50.9686189483825     
 Step          77 u(0,0,0)   50.9685553725814     
 Step          78 u(0,0,0)   50.9686252226428     
 Step          79 u(0,0,0)   50.9685387690944     
 Step          80 u(0,0,0)   50.9685941834400     
 Step          81 u(0,0,0)   50.9685062086484     
 Step          82 u(0,0,0)   50.9685679560198     
 Step          83 u(0,0,0)   50.9684964455278     
 Step          84 u(0,0,0)   50.9685796796098     
 Step          85 u(0,0,0)   50.9685365915564     
 Step          86 u(0,0,0)   50.9686515673689     
 Step          87 u(0,0,0)   50.9686442557679     
 Step          88 u(0,0,0)   50.9687942596627     
 Step          89 u(0,0,0)   50.9688217689634     
 Step          90 u(0,0,0)   50.9690035060586     
 Step          91 u(0,0,0)   50.9690596444970     
 Step          92 u(0,0,0)   50.9692662267836     
 Step          93 u(0,0,0)   50.9693425546571     
 Step          94 u(0,0,0)   50.9695652748278     
 Step          95 u(0,0,0)   50.9696536996899     
 Step          96 u(0,0,0)   50.9698840064867     
 Step          97 u(0,0,0)   50.9699758085062     
 Step          98 u(0,0,0)   50.9702056910911     
 Step          99 u(0,0,0)   50.9702933068314     
 Step         100 u(0,0,0)   50.9705168253504     
 Step         101 u(0,0,0)   50.9705968167853     
 Step         102 u(0,0,0)   50.9708111879224     
 Step         103 u(0,0,0)   50.9708808761957     
 Step         104 u(0,0,0)   50.9710841634982     
 Step         105 u(0,0,0)   50.9711430069624     
 Step         106 u(0,0,0)   50.9713359711194     
 Step         107 u(0,0,0)   50.9713849872947     
 Step         108 u(0,0,0)   50.9715682835090     
 Step         109 u(0,0,0)   50.9716085272975     
 Step         110 u(0,0,0)   50.9717826010484     
 Step         111 u(0,0,0)   50.9718138252339     
 Step         112 u(0,0,0)   50.9719796794072     
 Step         113 u(0,0,0)   50.9720042917111     
 Step         114 u(0,0,0)   50.9721633739709     
 Step         115 u(0,0,0)   50.9721826952658     
 Step         116 u(0,0,0)   50.9723370372018     
 Step         117 u(0,0,0)   50.9723521666860     
 Step         118 u(0,0,0)   50.9725018690839     
 Step         119 u(0,0,0)   50.9725131531686     
 Step         120 u(0,0,0)   50.9726586170577     
 Step         121 u(0,0,0)   50.9726663698499     
 Step         122 u(0,0,0)   50.9728085953391     
 Step         123 u(0,0,0)   50.9728142843422     
 Step         124 u(0,0,0)   50.9729538142447     
 Step         125 u(0,0,0)   50.9729571763262     
 Step         126 u(0,0,0)   50.9730939518462     
 Step         127 u(0,0,0)   50.9730951548999     
 Step         128 u(0,0,0)   50.9732283308628     
 Step         129 u(0,0,0)   50.9732260783157     
 Step         130 u(0,0,0)   50.9733560012448     
 Step         131 u(0,0,0)   50.9733515542588     
 Step         132 u(0,0,0)   50.9734786923060     
 Step         133 u(0,0,0)   50.9734715263781     
 Step         134 u(0,0,0)   50.9735953872069     
 Step         135 u(0,0,0)   50.9735855642174     
 Step         136 u(0,0,0)   50.9737065552893     
 Step         137 u(0,0,0)   50.9736942917271     
 Step         138 u(0,0,0)   50.9738125696982     
 Step         139 u(0,0,0)   50.9737979692792     
 Step         140 u(0,0,0)   50.9739136227857     
 Step         141 u(0,0,0)   50.9738973754986     
 Step         142 u(0,0,0)   50.9740115513063     
 Step         143 u(0,0,0)   50.9739944760053     
 Step         144 u(0,0,0)   50.9741075156474     
 Step         145 u(0,0,0)   50.9740899408879     
 Step         146 u(0,0,0)   50.9742018833567     
 Step         147 u(0,0,0)   50.9741822173229     
 Step         148 u(0,0,0)   50.9742923306939     
 Step         149 u(0,0,0)   50.9742717722881     
 Step         150 u(0,0,0)   50.9743804969238     
 Step         151 u(0,0,0)   50.9743589237990     
